samkutxedi 1
a: 64
b: 33
c: 37
C: 28.305743315959916
B: 25.412163498987994

samkutxedi 2
a: 39
b: 48
c: 49.53968742628468
C: 74
B: 69.86529669505013

samkutxedi 3
a: 16
b: 37
C: 42
B: 117.51658299219002
c: 27.004281559857347

